Solution:
x1 = 1e-05, x2 = 2.99997, x3 = 1e-05
z = 14.99999