Solution:
x1 = 0.0, x2 = 2.99999, x3 = 0.0, x4 = 0.0
z = 14.99999