Solution:
x1 = 0.00017, x2 = 2.99981, x3 = 7e-05
z = 14.99988