Solution:
x1 = 1e-05, x2 = 2.99994, x3 = 3e-05, x4 = 1e-05
z = 14.99996