Solution:
x1 = 4e-05, x2 = 7.99995, x3 = 1e-05
z = 15.99994