Solution:
x1 = 0.0, x2 = 7.99999, x3 = 1e-05
z = 15.99999