Solution:
x1 = 3.0, x2 = 1.5, x3 = 0.0, x4 = 1e-05, x5 = 2.50001, x6 = 0.5
z = 20.99999