Solution:
x1 = 3.0, x2 = 1.49999, x3 = 1e-05, x4 = 1e-05, x5 = 2.50001, x6 = 0.50001
z = 20.99999